

10,12	0.5
10,34	0.5
11,12	0.2
11,18	0.2
11,34	0.2
11,56	0.2
11,92	0.2
12,10	0.09090909090909091
12,11	0.09090909090909091
12,18	0.09090909090909091
12,34	0.36363636363636365
12,56	0.18181818181818182
12,92	0.18181818181818182
18,11	0.125
18,12	0.25
18,29	0.125
18,34	0.25
18,56	0.125
18,92	0.125
29,10	0.06666666666666667
29,11	0.06666666666666667
29,12	0.26666666666666666
29,18	0.06666666666666667
29,34	0.26666666666666666
29,56	0.13333333333333333
29,92	0.13333333333333333


29,92	0.13333333333333333
